# Created by Octave 4.0.3, Sat Aug 12 01:51:44 2017 CEST <dominik@MacBook-Pro-2>
# name: A
# type: matrix
# rows: 1
# columns: 3
 1 2 3


# name: B
# type: matrix
# rows: 3
# columns: 1
 1
 2
 3


# name: ans
# type: matrix
# rows: 3
# columns: 3
 1 2 3
 2 4 6
 3 6 9


# name: v
# type: scalar
5


